100
Book1 0.30 0.30 0.14 3.5
Book2 0.25 0.30 0.15 5.0
Book3 0.35 0.20 0.13 4.2
Book4 0.24 0.42 0.18 6.2
Book5 0.33 0.22 0.21 6.5
Book6 0.25 0.30 0.15 5.0
Book7 0.35 0.20 0.13 4.2
Book8 0.33 0.33 0.14 3.5
Book9 0.25 0.30 0.15 5.0
Book10 0.35 0.20 0.13 4.2
Book11 0.24 0.42 0.18 6.2
Book12 0.33 0.22 0.21 6.5
Book13 0.25 0.30 0.15 5.0
Book14 0.35 0.20 0.13 4.2
Book15 0.30 0.30 0.14 3.5
Book16 0.25 0.30 0.15 5.0
Book17 0.35 0.20 0.13 4.2
Book18 0.24 0.45 0.18 6.2
Book19 0.33 0.22 0.11 6.5
Book20 0.35 0.20 0.13 4.2
Book1 0.30 0.30 0.14 3.5
Book2 0.25 0.30 0.15 5.0
Book3 0.35 0.20 0.13 4.2
Book4 0.24 0.42 0.18 6.2
Book5 0.33 0.22 0.21 6.5
Book6 0.25 0.30 0.15 5.0
Book7 0.35 0.20 0.13 4.2
Book8 0.33 0.33 0.14 3.5
Book9 0.25 0.30 0.15 5.0
Book10 0.35 0.20 0.13 4.2
Book11 0.24 0.42 0.18 6.2
Book12 0.33 0.22 0.21 6.5
Book13 0.25 0.30 0.15 5.0
Book14 0.35 0.20 0.13 4.2
Book15 0.30 0.30 0.14 3.5
Book16 0.25 0.30 0.15 5.0
Book17 0.35 0.20 0.13 4.2
Book18 0.24 0.45 0.18 6.2
Book19 0.33 0.22 0.11 6.5
Book20 0.35 0.20 0.13 4.2
Book1 0.30 0.30 0.14 3.5
Book2 0.25 0.30 0.15 5.0
Book3 0.42 0.41 0.13 4.2
Book4 0.24 0.42 0.18 6.2
Book5 0.33 0.22 0.21 6.5
Book6 0.25 0.30 0.15 5.0
Book7 0.35 0.20 0.13 4.2
Book8 0.33 0.33 0.14 3.5
Book9 0.25 0.30 0.15 5.0
Book10 0.35 0.20 0.13 4.2
Book11 0.24 0.42 0.18 6.2
Book12 0.33 0.22 0.21 6.5
Book13 0.25 0.30 0.15 5.0
Book14 0.35 0.20 0.13 4.2
Book15 0.30 0.30 0.14 3.5
Book16 0.25 0.30 0.15 5.0
Book17 0.35 0.20 0.13 4.2
Book18 0.24 0.45 0.18 6.2
Book19 0.33 0.22 0.11 6.5
Book20 0.35 0.20 0.13 4.2
Book1 0.30 0.30 0.14 3.5
Book2 0.25 0.30 0.15 5.0
Book3 0.35 0.20 0.13 4.2
Book4 0.24 0.42 0.18 6.2
Book5 0.33 0.22 0.21 6.5
Book6 0.25 0.61 0.15 5.0
Book7 0.35 0.20 0.13 4.2
Book8 0.33 0.33 0.14 3.5
Book9 0.25 0.30 0.15 5.0
Book10 0.35 0.20 0.13 4.2
Book11 0.24 0.42 0.18 6.2
Book12 0.33 0.22 0.21 6.5
Book13 0.25 0.30 0.15 5.0
Book14 0.35 0.20 0.13 4.2
Book15 0.30 0.30 0.14 3.5
Book16 0.25 0.30 0.15 5.0
Book17 0.35 0.20 0.13 4.2
Book18 0.24 0.45 0.18 6.2
Book19 0.33 0.22 0.11 6.5
Book20 0.35 0.20 0.13 4.2
Book1 0.30 0.30 0.14 3.5
Book2 0.25 0.30 0.15 5.0
Book3 0.35 0.20 0.13 4.2
Book4 0.24 0.42 0.18 6.2
Book5 0.33 0.22 0.21 6.5
Book6 0.25 0.30 0.15 5.0
Book7 0.35 0.20 0.13 4.2
Book8 0.33 0.33 0.14 3.5
Book9 0.25 0.30 0.15 5.0
Book10 0.35 0.20 0.13 4.2
Book11 0.24 0.42 0.18 6.2
Book12 0.33 0.22 0.21 6.5
Book13 0.25 0.30 0.15 5.0
Book14 0.35 0.20 0.13 4.2
Book15 0.30 0.30 0.14 3.5
Book16 0.25 0.30 0.15 5.0
Book17 0.35 0.20 0.13 4.2
Book18 0.24 0.45 0.18 6.2
Book19 0.33 0.22 0.11 6.5
Book20 0.35 0.20 0.13 4.2
