20
Book1 0.30 0.30 0.04 3.5
Book2 0.25 0.30 0.05 5.0
Book3 0.35 0.20 0.03 4.2
Book4 0.24 0.42 0.08 6.2
Book5 0.33 0.22 0.11 6.5
Book6 0.25 0.30 0.05 5.0
Book7 0.35 0.20 0.03 4.2
Book8 0.33 0.33 0.04 3.5
Book9 0.25 0.30 0.05 5.0
Book10 0.35 0.20 0.03 4.2
Book11 0.24 0.42 0.08 6.2
Book12 0.33 0.22 0.11 6.5
Book13 0.25 0.30 0.05 5.0
Book14 0.35 0.20 0.03 4.2
Book15 0.30 0.30 0.04 3.5
Book16 0.25 0.30 0.05 5.0
Book17 0.35 0.20 0.03 4.2
Book18 0.24 0.45 0.08 6.2
Book19 0.33 0.22 0.11 6.5
Book20 0.35 0.20 0.03 4.2
